201001834637
201002591156
201001934290
201003155697
201003078573
201004173767
201003183466
201004533150
201004181733
201004956170
201004842492
201005131842
201004989905
201005306619
201005273047
201005825188
201005433242
201006298071
201005881541
201007522857
201007184396
201007591554
201007544748
201007708379
201007592246
201007908451
201007860451
201008470976
201007973949
201008897454
201008870690
201009185746
201009033327
201009373966
201009277606
201009454687
201009441014
201010139961
201009758207
201011550100
201010839171
201011869129
201011575978
201012067984
201011956535
201012842517
201012691176
201013095705
201012894248
201013423934
201013108597
201013723255
201013503611
201015401498
201015330327
201016018433
201015687604
201016196055
201016054472
201016498427
201016232652
201016875301
201016524022
201017112080
201016947831
201017308503
201017150242
201017924060
201017528744
201018279801
201018243397
201018369570
201018281559
201018549967
201018441078
201018852109
201018759065
201019459603
201019165344
201019830814
201019721729
201020304501
201020187348
201020910480
201020664492
201021174062
201020974248
201021930127
201021256521
201022338452
201022247146
201022417574
201022341079
201022978872
201022893217
201023248033
201023052528
201023891703
201023714571
201024051246
201023951760
201024371009
201024259561
201024734988
201024549227
201025243459
201024974568
201025965593
201025796209
201026583827
201026013722
201027331753
201027114265
201027921956
201027807487
201029067739
201029033579
201030446329
201029393477
201030573538
201030554376
201030606171
201030589206
201031916087
201030635782
201032180998
201032091913
201032637351
201032218543
201033270130
201033025464
201033894784
201033615075
201033953085
201033929419
201040278393
201035380503
201044915696
201044574238
201050786331
201050309735
201060781640
201060234195
201061092757
201060847435
201061148807
201061127232
201061971272
201061358931
201062206925
201062082516
201062340590
201062263163
201062729418
201062554027
201063303594
201062954313
201063793400
201063386414
201064167367
201063924693
201064679328
201064509188
201065089736
201064889266
201065255839
201065240928
201065718264
201065639624
201065956634
201065880764
201066502588
201066502458
201066863920
201066705525
201067338051
201067104069
201067947274
201067819974
201068242811
201068009860
201070835522
201070384122
201080123017
201070852986
201080382521
201080382075
201080822193
201080531866
201090579237
201090233230
201090825103
201090646878
201092383759
201092119786
201092868711
201092663050
201093048733
201093039275
201093525044
201093431737
201094051676
201093974873
201094646234
201094209124
201095210532
201094833396
201095302150
201095287222
201095624878
201095440725
201095943568
201095934883
201096473630
201096067425
201096750124
201096732781
201096868376
201096792822
201097497104
201097343849
201097325208
201097167834
201097563423
201097516106
201097912381
201097596402
201098719149
201098535662
201098894528
201098834683
201099747259
201099446209
201154636476
201116954917
201203553819
201156943685
201222839662
201210377321
201288659908
201286763067
201507521806
201503407207
201551046005
201550429373
201551676117
201551490261
201559098623
201558533909

